#https://srv.mbi.ucla.edu/faes/data
# ver1 22-11-2022
#SELECT * FROM kittyscat_results WHERE version= 2 AND thetype='1' ORDER BY atom_number,charge
#atom,Z,a1,a2,a3,a4,a5,b1,b2,b3,b4,b5,c,RMSE
SFAC H 0.129 37.737 0.036 0.553 0.127 3.772 0.236 13.518 0 0 0 0 0.32 1.008
SFAC H-1 -37.647 1537.902 -4.391 177.243 0.351 5.666 -13.954 553.026 0 0 0 0 0.32 1.008
SFAC He 0.078 19.191 0.04 0.309 0.125 2.053 0.174 6.989 0 0 0 0 0.46 4.003
SFAC Li 1.39 117.035 0.119 0.588 0.394 6.083 1.379 36.687 0 0 0 0 1.33 6.941
SFAC Li1+ 23.445 697.333 0.3 1.661 1.344 26.504 6.07 160.375 0 0 0 0 1.33 6.941
SFAC Be 1.065 66.144 0.118 0.461 0.439 4.485 1.428 21.589 0 0 0 0 1.02 9.012
SFAC Be2+ 47.441 719.569 0.486 2.261 2.899 30.72 12.592 171.613 0 0 0 0 1.02 9.012
SFAC B 0.765 51.783 0.13 0.419 0.521 3.927 1.377 16.688 0 0 0 0 0.85 10.811
SFAC C 0.6 40.938 0.136 0.374 0.547 3.278 1.225 13.013 0 0 0 0 0.75 12.011
SFAC N 0.482 31.526 0.135 0.324 0.519 2.607 1.075 10.017 0 0 0 0 0.71 14.007
SFAC O 0.392 25.675 0.144 0.306 0.511 2.272 0.937 8.27 0 0 0 0 0.63 15.999
SFAC O-1 -23.228 684.687 0.383 0.82 1.281 6.889 -5.699 157.036 0 0 0 0 0.63 15.999
SFAC F 0.309 22.005 0.152 0.289 0.519 2.062 0.822 7.261 0 0 0 0 0.64 18.998
SFAC F-1 -65.246 1913.852 -5.474 150.335 1.383 3.163 -16.441 573.682 0 0 0 0 0.64 18.998
SFAC Ne 0.256 19.19 0.158 0.272 0.504 1.841 0.733 6.313 0 0 0 0 0.67 20.180
SFAC Na 1.972 118.259 0.331 0.493 0.985 4.081 1.483 31.374 0 0 0 0 1.55 22.990
SFAC Na1+ 21.988 591.309 0.647 0.926 1.314 10.171 4.93 111.463 0 0 0 0 1.55 22.990
SFAC Mg 1.958 80.547 0.325 0.446 0.922 3.572 1.998 24.183 0 0 0 0 1.39 24.305
SFAC Mg2+ 45.955 661.678 0.898 1.253 2.424 20.279 11.391 143.191 0 0 0 0 1.39 24.305
SFAC Al 1.913 80.5 0.359 0.454 0.974 3.78 2.638 23.357 0 0 0 0 1.26 26.982
SFAC Al3+ 70.097 691.147 1.044 1.466 3.946 25.606 18.003 157.56 0 0 0 0 1.26 26.982
SFAC Si 1.762 64.441 0.362 0.428 0.974 3.553 2.725 19.406 0 0 0 0 1.16 28.086
SFAC Si4+ 93.814 699.961 1.149 1.556 5.414 27.251 24.39 162.042 0 0 0 0 1.16 28.086
SFAC P 1.567 49.607 0.354 0.394 0.941 3.189 2.622 15.68 0 0 0 0 1.11 30.974
SFAC S 1.39 40.169 0.348 0.365 0.915 2.89 2.506 13.043 0 0 0 0 1.03 32.066
SFAC Cl 1.232 33.612 0.341 0.339 0.893 2.625 2.391 11.095 0 0 0 0 0.99 35.453
SFAC Cl-1 -120.636 2803.538 3.287 9.276 0.666 0.647 -21.071 429.353 0 0 0 0 0.99 35.453
SFAC Ar 1.075 28.97 0.341 0.323 0.9 2.487 2.263 9.764 0 0 0 0 0.96 39.948
SFAC K 3.532 150.836 0.566 0.507 2.414 5.768 2.457 31.814 0 0 0 0 1.96 39.098
SFAC K1+ 21.404 551.389 0.813 0.729 3.119 8.788 4.603 92.632 0 0 0 0 1.96 39.098
SFAC Ca 3.88 109.54 0.547 0.47 2.281 5.048 3.194 29.73 0 0 0 0 1.71 40.078
SFAC Ca2+ 43.972 590.914 1.016 0.879 3.338 10.27 9.863 111.139 0 0 0 0 1.71 40.078
SFAC Sc 3.431 98.119 0.539 0.444 2.211 4.574 3.117 26.467 0 0 0 0 1.48 44.956
SFAC Sc3+ 67.922 637.938 1.556 1.408 3.959 15.853 16.329 132.285 0 0 0 0 1.48 44.956
SFAC Ti 3.078 90.552 0.539 0.428 2.158 4.223 2.992 24.193 0 0 0 0 1.36 47.867
SFAC Ti2+ 44.391 605.298 1.378 1.172 3.305 11.843 10.205 117.047 0 0 0 0 1.36 47.867
SFAC Ti3+ 68.102 640.957 1.636 1.411 3.967 16.042 16.436 133.181 0 0 0 0 1.36 47.867
SFAC Ti4+ 92.443 669.282 1.843 1.626 5.142 20.734 23.098 146.166 0 0 0 0 1.36 47.867
SFAC V 2.792 84.561 0.542 0.414 2.109 3.932 2.854 22.411 0 0 0 0 1.34 50.942
SFAC V2+ 43.753 583.132 1.173 0.885 3.249 9.79 9.725 107.432 0 0 0 0 1.34 50.942
SFAC V3+ 68.061 639.296 1.7 1.398 3.933 16.111 16.367 132.795 0 0 0 0 1.34 50.942
SFAC V5+ 116.315 684.515 2.025 1.734 6.558 24.066 29.693 154.335 0 0 0 0 1.34 50.942
SFAC Cr 1.989 87.861 0.548 0.403 2.072 3.698 2.352 20.054 0 0 0 0 1.22 51.996
SFAC Cr2+ 44.348 603.76 1.493 1.16 3.173 11.729 10.163 116.79 0 0 0 0 1.22 51.996
SFAC Cr3+ 68.055 638.559 1.747 1.374 3.882 16.077 16.334 132.403 0 0 0 0 1.22 51.996
SFAC Mn 2.354 75.291 0.555 0.394 2.013 3.485 2.579 19.714 0 0 0 0 1.19 54.938
SFAC Mn2+ 43.699 581.489 1.257 0.871 3.106 9.523 9.674 106.837 0 0 0 0 1.19 54.938
SFAC Mn3+ 68.103 640.24 1.793 1.352 3.844 16.202 16.397 132.923 0 0 0 0 1.19 54.938
SFAC Mn4+ 92.167 665.233 1.968 1.513 5.049 20.603 22.918 144.881 0 0 0 0 1.19 54.938
SFAC Fe 2.177 71.621 0.563 0.387 1.966 3.307 2.453 18.67 0 0 0 0 1.16 55.845
SFAC Fe2+ 43.687 581.141 1.292 0.861 3.029 9.421 9.662 106.746 0 0 0 0 1.16 55.845
SFAC Fe3+ 67.162 618.91 1.603 1.091 3.65 13.661 15.701 123.602 0 0 0 0 1.16 55.845
SFAC Co 2.032 68.195 0.571 0.378 1.916 3.142 2.33 17.663 0 0 0 0 1.11 58.933
SFAC Co2+ 43.661 580.545 1.323 0.848 2.952 9.327 9.644 106.584 0 0 0 0 1.11 58.933
SFAC Co3+ 67.921 639.011 1.856 1.296 3.751 16.389 16.374 132.955 0 0 0 0 1.11 58.933
SFAC Ni 1.89 65.305 0.582 0.373 1.87 3.009 2.221 16.917 0 0 0 0 1.10 58.693
SFAC Ni2+ 43.654 580.253 1.348 0.833 2.877 9.246 9.634 106.515 0 0 0 0 1.10 58.693
SFAC Ni3+ 68.27 642.879 1.882 1.27 3.721 16.593 16.474 133.781 0 0 0 0 1.10 58.693
SFAC Cu 1.355 70.864 0.593 0.368 1.836 2.899 1.81 15.669 0 0 0 0 1.12 63.546
SFAC Cu1+ 21.11 532.756 1.128 0.673 2.534 6.703 4.419 84.838 0 0 0 0 1.12 63.546
SFAC Cu2+ 44.603 609.584 1.677 1.079 2.795 11.833 10.261 118.487 0 0 0 0 1.12 63.546
SFAC Zn 1.665 60.12 0.6 0.36 1.776 2.769 2.018 15.492 0 0 0 0 1.18 65.390
SFAC Zn2+ 43.655 580.403 1.395 0.805 2.733 9.176 9.631 106.588 0 0 0 0 1.18 65.390
SFAC Ga 1.931 74.503 0.671 0.388 1.849 3.024 2.649 19.106 0 0 0 0 1.24 69.723
SFAC Ga3+ 68.062 640.291 1.916 1.178 3.603 16.907 16.389 133.581 0 0 0 0 1.24 69.723
SFAC Ge 2.039 62.774 0.668 0.375 1.77 2.852 2.894 17.377 0 0 0 0 1.21 72.610
SFAC Ge4+ 92.523 670.285 2.024 1.228 4.808 20.484 23.271 145.151 0 0 0 0 1.21 72.610
SFAC As 2.015 50.642 0.651 0.355 1.665 2.611 2.985 15.035 0 0 0 0 1.21 74.922
SFAC Se 1.96 42.435 0.635 0.338 1.57 2.401 3.036 13.14 0 0 0 0 1.16 78.960
SFAC Br 1.861 36.786 0.624 0.323 1.495 2.244 3.075 11.727 0 0 0 0 1.14 79.904
SFAC Br-1 -121.434 2886.035 4.503 11.306 1.531 0.772 -22.068 469.988 0 0 0 0 1.14 79.904
SFAC Kr 1.748 32.461 0.622 0.313 1.438 2.137 3.087 10.616 0 0 0 0 1.17 83.800
SFAC Rb 4.353 154.533 1.017 0.485 2.871 5.122 3.514 25.929 0 0 0 0 2.10 85.468
SFAC Rb1+ 20.889 517.741 1.376 0.658 4.168 8.758 4.551 75.721 0 0 0 0 2.10 85.468
SFAC Sr 5.135 116.292 1.01 0.47 2.938 4.963 4.007 26.868 0 0 0 0 1.85 87.620
SFAC Sr2+ 43.433 572.429 1.508 0.708 4.499 9.667 9.526 102.522 0 0 0 0 1.85 87.620
SFAC Y 4.642 99.298 0.976 0.445 2.871 4.567 4.159 24.096 0 0 0 0 1.63 88.906
SFAC Y3+ 66.164 593.682 1.653 0.766 4.839 10.642 14.877 111.893 0 0 0 0 1.63 88.906
SFAC Zr 4.151 89.731 0.957 0.426 2.852 4.312 4.178 22.129 0 0 0 0 1.54 91.224
SFAC Zr4+ 88.832 606.834 1.831 0.84 5.326 12.06 20.406 118.203 0 0 0 0 1.54 91.224
SFAC Nb 2.985 85.635 0.937 0.409 2.822 4.069 3.909 19.497 0 0 0 0 1.47 92.906
SFAC Nb3+ 65.614 583.555 1.697 0.754 5.089 10.283 14.628 107.761 0 0 0 0 1.47 92.906
SFAC Nb5+ 112.142 622.554 2.063 0.946 6.066 14.178 26.373 125.342 0 0 0 0 1.47 92.906
SFAC Mo 2.625 82.593 0.934 0.4 2.866 3.959 3.825 18.676 0 0 0 0 1.38 95.940
SFAC Mo3+ 65.604 581.818 1.727 0.753 5.141 10.108 14.542 106.792 0 0 0 0 1.38 95.940
SFAC Mo5+ 112.011 619.479 2.063 0.923 6.104 13.553 26.21 123.537 0 0 0 0 1.38 95.940
SFAC Mo6+ 136.072 639.79 2.31 1.063 7.109 16.752 32.755 133.099 0 0 0 0 1.38 95.940
SFAC Tc 3.114 74.66 0.929 0.389 2.894 3.828 3.897 18.356 0 0 0 0 1.28 98.906
SFAC Ru 2.2 74.517 0.916 0.377 2.873 3.643 3.548 16.48 0 0 0 0 1.25 101.070
SFAC Ru3+ 65.252 576.705 1.747 0.732 5.147 9.45 14.384 104.994 0 0 0 0 1.25 101.070
SFAC Ru4+ 88.372 597.49 1.935 0.819 5.52 11 20 113.874 0 0 0 0 1.25 101.070
SFAC Rh 1.932 75.303 0.921 0.371 2.958 3.603 3.413 16.371 0 0 0 0 1.25 102.905
SFAC Rh3+ 65.214 575.193 1.765 0.725 5.112 9.174 14.324 104.318 0 0 0 0 1.25 102.905
SFAC Rh4+ 88.302 595.487 1.96 0.813 5.487 10.722 19.894 112.857 0 0 0 0 1.25 102.905
SFAC Pd 1.413 37.395 0.784 0.31 2.175 2.588 3.199 9.848 0 0 0 0 1.20 106.420
SFAC Pd2+ 42.759 549.867 1.623 0.651 4.835 7.858 9.139 92.114 0 0 0 0 1.20 106.420
SFAC Pd4+ 87.908 592.089 1.986 0.808 5.438 10.466 19.778 111.946 0 0 0 0 1.20 106.420
SFAC Ag 1.713 70.45 0.907 0.353 2.939 3.325 3.105 14.732 0 0 0 0 1.28 107.870
SFAC Ag1+ 20.403 490.007 1.446 0.567 4.535 6.521 4.481 64.417 0 0 0 0 1.28 107.870
SFAC Ag2+ 42.702 548.663 1.637 0.644 4.77 7.611 9.085 92.04 0 0 0 0 1.28 107.870
SFAC Cd 2.19 62.472 0.906 0.347 2.945 3.225 3.183 14.804 0 0 0 0 1.36 112.410
SFAC Cd2+ 42.748 548.602 1.653 0.639 4.693 7.382 9.051 92.045 0 0 0 0 1.36 112.410
SFAC In 2.625 76.06 0.967 0.365 3.204 3.461 3.626 18.415 0 0 0 0 1.42 114.820
SFAC In3+ 65.092 571.695 1.858 0.708 4.847 8.314 14.169 102.705 0 0 0 0 1.42 114.820
SFAC Sn 2.882 66.558 0.953 0.354 3.115 3.269 3.901 17.617 0 0 0 0 1.40 118.710
SFAC Sn2+ 42.25 533.28 1.792 0.669 4.873 7.801 9.088 83.815 0 0 0 0 1.40 118.710
SFAC Sn4+ 87.659 586.366 2.098 0.791 5.083 9.608 19.507 109.281 0 0 0 0 1.40 118.710
SFAC Sb 2.975 56.336 0.931 0.34 2.987 3.047 4.073 16.205 0 0 0 0 1.40 121.760
SFAC Sb3+ 65.197 570.932 2.05 0.756 5.256 9.239 14.25 101.23 0 0 0 0 1.40 121.760
SFAC Sb5+ 110.972 606.758 2.465 0.928 5.759 12.353 25.505 118.599 0 0 0 0 1.40 121.760
SFAC Te 3.074 48.129 0.905 0.325 2.841 2.817 4.167 14.617 0 0 0 0 1.36 127.600
SFAC I 2.929 43.268 0.892 0.315 2.745 2.663 4.334 13.708 0 0 0 0 1.33 126.900
SFAC I-1 -122.763 3032.171 6.91 14.365 2.734 1.01 -23.906 542.917 0 0 0 0 1.33 126.900
SFAC Xe 2.872 38.584 0.875 0.305 2.63 2.498 4.412 12.603 0 0 0 0 1.31 131.290
SFAC Cs 5.641 168.782 1.295 0.445 3.87 4.325 5.663 24.179 0 0 0 0 2.32 132.910
SFAC Cs1+ 19.82 456.075 1.803 0.616 5.375 7.313 5.463 47.623 0 0 0 0 2.32 132.910
SFAC Ba 7.125 128.365 1.315 0.446 3.933 4.313 5.861 24.199 0 0 0 0 1.96 137.330
SFAC Ba2+ 42.47 537.974 2.138 0.722 6.25 9.264 9.192 85.156 0 0 0 0 1.96 137.330
SFAC La 6.822 106.424 1.097 0.378 3.62 3.436 6.204 20.312 0 0 0 0 1.80 138.910
SFAC La3+ 65.22 573.363 2.3 0.768 6.623 10.063 14.35 102.573 0 0 0 0 1.80 138.910
SFAC Ce 5.85 113.777 1.376 0.45 4.124 4.424 5.991 25.207 0 0 0 0 1.63 140.120
SFAC Ce3+ 65.136 572.085 2.309 0.757 6.54 9.844 14.301 102.317 0 0 0 0 1.63 140.120
SFAC Ce4+ 87.734 589.003 2.444 0.807 6.971 10.758 19.683 110.645 0 0 0 0 1.63 140.120
SFAC Pr 6.409 117.398 1.334 0.43 3.882 4.048 5.306 22.279 0 0 0 0 1.76 140.910
SFAC Pr3+ 65.205 572.491 2.319 0.748 6.447 9.645 14.296 102.274 0 0 0 0 1.76 140.910
SFAC Pr4+ 87.943 589.756 2.459 0.798 6.867 10.577 19.69 110.447 0 0 0 0 1.76 140.910
SFAC Nd 6.228 114.834 1.344 0.426 3.854 3.969 5.129 21.81 0 0 0 0 1.74 144.240
SFAC Nd3+ 65.148 571.628 2.328 0.738 6.351 9.461 14.251 102.115 0 0 0 0 1.74 144.240
SFAC Pm 6.025 112.856 1.36 0.424 3.843 3.927 4.963 21.6 0 0 0 0 1.73 146.920
SFAC Pm3+ 65.024 570.299 2.334 0.728 6.247 9.275 14.201 101.794 0 0 0 0 1.73 146.920
SFAC Sm 5.858 110.724 1.366 0.42 3.801 3.843 4.819 21.183 0 0 0 0 1.72 150.360
SFAC Sm3+ 64.996 569.263 2.341 0.718 6.146 9.108 14.159 101.522 0 0 0 0 1.72 150.360
SFAC Eu 5.604 110.928 1.392 0.421 3.82 3.845 4.721 21.594 0 0 0 0 1.68 151.960
SFAC Eu2+ 42.534 541.827 2.207 0.665 5.759 8.125 9.065 87.869 0 0 0 0 1.68 151.960
SFAC Eu3+ 65.031 569.491 2.349 0.71 6.044 8.958 14.141 101.394 0 0 0 0 1.68 151.960
SFAC Gd 5.217 96.512 1.405 0.415 3.787 3.816 4.816 20.72 0 0 0 0 1.69 157.250
SFAC Gd3+ 64.962 568.385 2.357 0.701 5.944 8.818 14.12 101.186 0 0 0 0 1.69 157.250
SFAC Tb 5.284 107.388 1.413 0.415 3.766 3.74 4.452 21.13 0 0 0 0 1.68 158.930
SFAC Tb3+ 65.089 568.953 2.365 0.693 5.847 8.693 14.151 101.057 0 0 0 0 1.68 158.930
SFAC Dy 5.182 103.807 1.421 0.411 3.709 3.672 4.285 20.495 0 0 0 0 1.67 162.500
SFAC Dy3+ 64.737 566.075 2.369 0.684 5.748 8.556 14.051 100.659 0 0 0 0 1.67 162.500
SFAC Ho 5.012 86.953 1.379 0.393 3.544 3.414 4.412 18.523 0 0 0 0 1.66 164.930
SFAC Ho3+ 64.803 566.189 2.378 0.676 5.658 8.458 14.03 100.646 0 0 0 0 1.66 164.930
SFAC Er 4.894 100.711 1.443 0.405 3.639 3.581 4.061 20.167 0 0 0 0 1.65 167.260
SFAC Er3+ 64.948 567.98 2.387 0.67 5.57 8.37 14.068 100.894 0 0 0 0 1.65 167.260
SFAC Tm 4.774 98.69 1.45 0.401 3.595 3.523 3.949 19.872 0 0 0 0 1.64 168.930
SFAC Tm3+ 64.794 566.424 2.392 0.662 5.48 8.269 14.029 100.59 0 0 0 0 1.64 168.930
SFAC Yb 4.624 98.054 1.463 0.399 3.569 3.498 3.861 19.9 0 0 0 0 1.70 173.040
SFAC Yb2+ 42.334 539.714 2.246 0.611 5.134 7.305 8.931 88.702 0 0 0 0 1.70 173.040
SFAC Yb3+ 64.857 566.903 2.4 0.655 5.395 8.193 14.04 100.686 0 0 0 0 1.70 173.040
SFAC Lu 4.45 84.664 1.444 0.389 3.478 3.351 4.079 18.906 0 0 0 0 1.62 174.970
SFAC Lu3+ 64.853 566.629 2.403 0.647 5.311 8.1 14.019 100.454 0 0 0 0 1.62 174.970
SFAC Hf 4.104 76.01 1.427 0.379 3.396 3.221 4.224 17.769 0 0 0 0 1.52 178.490
SFAC Hf4+ 87.29 580.239 2.58 0.69 5.609 9.156 19.241 106.756 0 0 0 0 1.52 178.490
SFAC Ta 3.748 70.207 1.418 0.372 3.344 3.131 4.32 16.85 0 0 0 0 1.46 180.950
SFAC Ta5+ 109.901 592.446 2.785 0.741 6.089 10.592 24.722 112.367 0 0 0 0 1.46 180.950
SFAC W 3.452 65.57 1.408 0.365 3.295 3.043 4.366 15.906 0 0 0 0 1.37 183.840
SFAC W6+ 133.51 608.669 3.012 0.801 6.817 12.476 30.705 118.938 0 0 0 0 1.37 183.840
SFAC Re 3.248 60.608 1.391 0.356 3.231 2.934 4.373 14.832 0 0 0 0 1.31 186.200
SFAC Os 3.024 56.982 1.381 0.348 3.19 2.855 4.37 14.011 0 0 0 0 1.29 190.230
SFAC Os4+ 87.218 578.131 2.643 0.676 6.105 9.24 19.188 105.412 0 0 0 0 1.29 190.230
SFAC Ir 2.811 54.223 1.376 0.343 3.166 2.797 4.348 13.352 0 0 0 0 1.22 192.220
SFAC Ir3+ 64.538 559.455 2.5 0.629 5.947 8.252 13.891 96.897 0 0 0 0 1.22 192.220
SFAC Ir4+ 87.02 575.789 2.643 0.668 6.175 9.112 19.083 104.72 0 0 0 0 1.22 192.220
SFAC Pt 2.174 50.387 1.348 0.332 3.066 2.657 4.212 12.009 0 0 0 0 1.23 195.080
SFAC Pt2+ 42.137 529.169 2.356 0.584 5.806 7.376 8.903 82.518 0 0 0 0 1.23 195.080
SFAC Pt4+ 87.2 578.334 2.763 0.694 6.244 9.592 19.119 106.04 0 0 0 0 1.23 195.080
SFAC Au 1.994 48.63 1.345 0.327 3.064 2.618 4.163 11.55 0 0 0 0 1.24 196.970
SFAC Au1+ 20.087 467.165 2.132 0.521 5.5 6.192 4.802 53.162 0 0 0 0 1.24 196.970
SFAC Au3+ 64.738 560.803 2.501 0.616 6.026 7.991 13.886 97.01 0 0 0 0 1.24 196.970
SFAC Hg 2.27 47.992 1.357 0.326 3.134 2.641 4.195 11.706 0 0 0 0 1.33 200.590
SFAC Hg1+ 19.858 459.34 2.134 0.516 5.538 6.12 5.019 50.944 0 0 0 0 1.33 200.590
SFAC Hg2+ 42.074 529.002 2.35 0.571 5.845 7.098 8.807 83.251 0 0 0 0 1.33 200.590
SFAC Tl 2.61 64.497 1.47 0.349 3.613 3.065 4.392 14.762 0 0 0 0 1.44 204.380
SFAC Tl1+ 19.862 456.484 2.141 0.512 5.593 6.077 5.176 48.994 0 0 0 0 1.44 204.380
SFAC Tl3+ 64.437 557.836 2.494 0.602 6.029 7.657 13.765 96.348 0 0 0 0 1.44 204.380
SFAC Pb 2.909 60.255 1.469 0.345 3.636 3.03 4.573 14.85 0 0 0 0 1.44 207.200
SFAC Pb2+ 41.858 520.104 2.407 0.573 6.081 7.23 8.854 78.061 0 0 0 0 1.44 207.200
SFAC Pb4+ 86.775 571.412 2.649 0.635 6.254 8.317 18.872 102.692 0 0 0 0 1.44 207.200
SFAC Bi 3.192 56.775 1.465 0.34 3.644 2.982 4.784 14.85 0 0 0 0 1.51 208.980
SFAC Bi3+ 64.12 551.16 2.58 0.611 6.359 7.953 13.689 93.36 0 0 0 0 1.51 208.980
SFAC Bi5+ 109.291 582.547 2.843 0.679 6.59 9.257 24.17 107.544 0 0 0 0 1.51 208.980
SFAC Po 3.462 50.424 1.435 0.33 3.539 2.83 4.91 13.958 0 0 0 0 1.45 209.980
SFAC At 3.529 45.684 1.413 0.321 3.459 2.71 5.057 13.301 0 0 0 0 1.47 209.990
SFAC Rn 3.43 42.34 1.4 0.315 3.411 2.628 5.244 12.899 0 0 0 0 1.42 222.000
SFAC Fr 5.517 155.254 1.776 0.398 4.694 4.016 6.663 23.122 0 0 0 0 2.23 223
SFAC Ra 7.244 120.872 1.762 0.392 4.678 3.911 6.81 22.345 0 0 0 0 2.01 226
SFAC Ra2+ 41.351 504.452 2.641 0.596 7.209 8.009 9.13 69.61 0 0 0 0 2.01 226
SFAC Ac 7.04 102.298 1.735 0.382 4.601 3.749 7.051 21.186 0 0 0 0 1.86 227
SFAC Ac3+ 64.108 547.157 2.84 0.639 7.716 8.895 13.747 90.147 0 0 0 0 1.86 227
SFAC Th 6.594 89.501 1.706 0.372 4.509 3.585 7.251 19.932 0 0 0 0 1.75 232.04
SFAC Pa 6.346 95.871 1.73 0.374 4.635 3.634 6.803 19.828 0 0 0 0 1.69 231.04
SFAC U 5.991 95.173 1.741 0.373 4.7 3.628 6.66 19.64 0 0 0 0 1.70 238.03
SFAC U3+ 64.069 546.691 2.857 0.625 7.777 8.464 13.673 90.329 0 0 0 0 1.70 238.03
SFAC U4+ 86.545 567.154 2.987 0.656 8.061 9.108 18.801 100.406 0 0 0 0 1.70 238.03
SFAC U6+ 132.108 592.782 3.269 0.726 8.872 10.702 29.695 111.923 0 0 0 0 1.70 238.03
SFAC Np 5.86 91.511 1.728 0.367 4.672 3.528 6.45 18.791 0 0 0 0 1.71 237
SFAC Pu 5.615 100.875 1.75 0.368 4.789 3.565 5.987 18.854 0 0 0 0 1.72 244
SFAC Am 5.418 98.632 1.75 0.365 4.804 3.513 5.816 18.476 0 0 0 0 1.66 243
SFAC Cm 5.295 86.326 1.729 0.358 4.72 3.382 5.923 17.716 0 0 0 0 1.66 247
SFAC Bk 5.161 84.294 1.729 0.355 4.72 3.327 5.75 17.349 0 0 0 0 1.68 247
SFAC Cf 5.471 72.911 1.628 0.329 4.373 2.957 5.464 14.58 0 0 0 0 1.68 251
